132
168.28
168.28
168.28
168.28
168.28
168.28
168.28
219.08
219.08
219.08
219.08
219.08
219.08
219.08
219.08
219.08
273.05
273.05
273.05
273.05
273.05
273.05
273.05
273.05
273.05
323.85
323.85
323.85
323.85
323.85
323.85
323.85
323.85
323.85
356.0
356.0
356.0
356.0
356.0
356.0
356.0
406.0
406.0
406.0
406.0
406.0
406.0
406.0
406.0
406.0
406.0
406.0
457.0
457.0
457.0
457.0
457.0
457.0
457.0
457.0
457.0
508.0
508.0
508.0
508.0
508.0
508.0
508.0
508.0
508.0
508.0
508.0
559.0
559.0
559.0
559.0
559.0
610.0
610.0
610.0
610.0
610.0
610.0
610.0
610.0
610.0
610.0
762.0
762.0
762.0
762.0
762.0
762.0
813.0
813.0
813.0
813.0
864.0
864.0
864.0
864.0
864.0
914.0
914.0
914.0
914.0
914.0
914.0
1016.0
1016.0
1016.0
1016.0
1067.0
1067.0
1067.0
1067.0
1118.0
1118.0
1118.0
1118.0
1168.0
1168.0
1168.0
1168.0
1219.0
1219.0
1219.0
1219.0
1270.0
1270.0
1270.0
1270.0
162.83
241.89
280.82
319.36
352.75
390.55
427.96
291.17
317.05
368.51
416.4
419.58
463.93
514.26
531.78
564.19
364.37
461.67
522.04
526.05
582.05
637.75
708.93
753.75
771.77
472.07
549.36
621.47
626.27
693.23
769.39
845.16
920.53
923.35
604.86
684.4
689.69
763.59
847.68
931.38
1014.68
691.17
782.27
788.33
873.02
969.44
1065.47
1161.1
1164.68
1256.34
1351.18
1539.68
888.94
901.26
984.64
1093.64
1202.24
1310.45
1418.26
1525.68
1739.33
989.56
1096.26
1152.53
1217.83
1339.01
1375.29
1459.79
1580.19
1646.23
1938.99
2936.31
1090.17
1207.87
1342.02
1475.78
1609.14
1190.78
1319.49
1466.22
1612.55
1758.49
1904.03
2049.18
2193.94
2338.3
3592.95
1371.4
1689.46
1858.57
2027.31
2195.7
2698.67
1763.77
2156.95
2548.55
3132.99
2084.75
2293.72
2502.3
2710.48
3332.65
1647.27
2029.99
2233.59
2436.82
2639.69
3246.12
2485.24
2711.62
2937.63
3613.48
2611.07
2849.02
3086.6
3797.16
2736.9
2986.42
3235.57
3980.84
2860.26
3121.12
3381.62
4160.92
2986.09
3258.52
3530.58
4344.6
3111.92
3395.92
3679.55
4528.28
235
233
231
228
228
225
225
283
283
282
279
279
279
275
275
275
337
336
333
333
333
329
329
329
329
386
386
386
386
384
380
380
380
380
416
416
416
416
412
412
406
466
466
466
466
462
462
456
456
456
456
444
513
513
513
513
513
513
507
507
507
564
564
564
564
558
558
558
558
558
546
508
609
609
609
609
609
660
660
660
660
660
660
660
660
648
610
812
812
812
812
812
812
851
851
851
851
902
902
902
902
902
952
952
952
952
952
952
1054
1054
1054
1054
1105
1105
1105
1105
1156
1156
1156
1156
1168
1168
1168
1168
1219
1219
1219
1219
1270
1270
1270
1270
187.5
187.5
187.5
187.5
187.5
187.5
187.5
137.5
137.5
137.5
137.5
137.5
137.5
137.5
137.5
137.5
112.5
112.5
112.5
112.5
112.5
112.5
112.5
112.5
112.5
87.5
87.5
87.5
87.5
87.5
87.5
87.5
87.5
87.5
87.5
87.5
87.5
87.5
87.5
87.5
87.5
75.0
75.0
75.0
75.0
75.0
75.0
75.0
75.0
75.0
75.0
75.0
62.5
62.5
62.5
62.5
62.5
62.5
62.5
62.5
62.5
62.5
62.5
62.5
62.5
62.5
62.5
62.5
62.5
62.5
62.5
62.5
50.0
50.0
50.0
50.0
50.0
50.0
50.0
50.0
50.0
50.0
50.0
50.0
50.0
50.0
50.0
34.5
34.5
34.5
34.5
34.5
34.5
37.5
37.5
37.5
37.5
37.5
37.5
37.5
37.5
37.5
23.0
23.0
23.0
23.0
23.0
23.0
23.0
23.0
23.0
23.0
23.0
23.0
23.0
23.0
23.0
23.0
23.0
23.0
23.0
23.0
23.0
23.0
23.0
23.0
23.0
23.0
23.0
23.0
23.0
23.0
3.2
4.8
4.9
4.1
4.11
4.12
4.13
4.14
4.15
4.16
4.17
4.18
4.19
4.2
4.21
4.22
4.23
4.24
4.25
4.26
4.27
4.28
4.29
4.3
4.31
4.32
4.33
4.34
4.35
4.36
4.37
4.38
4.39
4.4
4.41
4.42
4.43
4.44
4.45
4.46
4.47
4.48
4.49
4.5
4.51
4.52
4.53
4.54
4.55
4.56
4.57
4.58
4.59
4.6
4.61
4.62
4.63
4.64
4.65
4.66
4.67
4.68
4.69
4.7
4.71
4.72
4.73
4.74
4.75
4.76
4.77
4.78
4.79
4.8
4.81
4.82
4.83
4.84
4.85
4.86
4.87
4.88
4.89
4.9
4.91
4.92
4.93
4.94
4.95
4.96
4.97
4.98
4.99
4.1
4.101
4.102
4.103
4.104
4.105
4.106
4.107
4.1080000000000005
4.109
4.11
4.111000000000001
4.112
4.113
4.114
4.115
4.1160000000000005
4.117
4.118
4.119
4.12
4.121
4.122
4.123
4.124
4.125
4.126
4.127
4.128
4.129
4.13
4.131
4.132
4.133
4.1339999999999995
4.135
4.136
4.137
4.138
15
15
15
15
15
15
15
11
11
11
11
11
11
11
11
11
9
9
9
9
9
9
9
9
9
7
7
7
7
7
7
7
7
7
7
7
7
7
7
7
7
6
6
6
6
6
6
6
6
6
6
6
5
5
5
5
5
5
5
5
5
5
5
5
5
5
5
5
5
5
5
5
4
4
4
4
4
4
4
4
4
4
4
4
4
4
4
3
3
3
3
3
3
3
3
3
3
3
3
3
3
3
2
2
2
2
2
2
2
2
2
2
2
2
2
2
2
2
2
2
2
2
2
2
2
2
2
2
2
2
2
2